1 639.43 25.01
2 275.03 223.21
3 736.47 676.7
4 892.18 86.94
5 421.92 29.8
6 218.64 505.36
7 26.54 198.84
8 649.88 544.94
9 220.44 589.27
10 809.43 6.5
11 805.82 698.14
12 340.25 155.48
13 957.21 336.59
14 92.75 96.72
15 847.49 603.73
16 807.13 729.73
17 536.23 973.12
18 378.53 552.04
19 829.4 618.52
20 861.71 577.35
21 704.57 45.82
22 227.9 289.39
23 79.79 232.79
24 101.0 277.97
25 635.68 364.83
26 370.18 209.51
27 266.98 936.65
28 648.04 609.13
29 171.14 729.13
30 163.4 379.46
31 989.52 640.0
32 556.95 684.61
33 842.85 776.0
34 229.05 32.1
35 315.45 267.74
36 210.98 942.91
37 876.37 314.68
38 655.44 395.63
39 914.55 458.85
40 264.88 246.63
41 561.37 262.74
42 584.59 897.82
43 399.4 219.32
44 997.54 509.53
45 90.91 47.12
46 109.65 627.45
47 792.08 422.16
48 63.53 381.62
49 996.12 529.11
50 971.08 860.78
51 11.48 720.72
52 681.71 536.97
53 266.83 640.96
54 111.55 434.77
55 453.72 953.82
56 875.85 263.39
57 500.59 178.65
58 912.63 870.52
59 298.44 638.95
60 608.97 152.84
61 762.51 539.38
62 778.63 530.35
63 0.57 324.16
64 19.48 929.1
65 878.72 831.67
66 307.51 57.93
67 878.01 946.95
68 85.65 485.99
69 69.21 760.6
70 765.83 128.39
71 475.28 549.8
72 265.06 872.43
73 423.14 211.8
74 539.3 729.93
75 201.15 311.72
76 995.15 649.88
77 438.1 517.58
78 121.0 224.7
79 338.09 588.31
80 230.11 220.22
81 70.99 631.1
82 228.94 905.42
83 859.64 70.86
84 238.0 668.98
85 214.24 132.31
86 935.51 571.04
87 472.67 784.62
88 807.5 190.41
89 96.93 431.05
90 423.58 467.02
91 729.08 673.36
92 984.17 98.42
93 402.62 339.3
94 861.67 248.66
95 190.21 448.61
96 421.88 278.55
97 249.81 923.27
98 443.13 861.35
99 550.33 50.59
100 999.28 836.03
