55.23 60.59 63.32 63.33 71.24 71.58 73.9 74.01 76.34 82.01 82.5 89.6 89.95 95.07 98.5 98.9 100.24 106.21 109.91 112.55 115.06 120.27 120.69 120.79 126.91 127.62 128.64 129.5 129.93 130.54 133.67 134.98 140.38 141.56 142.33 142.88 142.92 143.15 143.37 144.08 145.74 145.91 147.32 152.82 156.39 163.08 170 171.11 179.09 180.27 187.26 191.82 201.74 
34.63 49.65 49.7 53.02 53.74 55.7 63.16 65.19 72.87 73.66 75.06 80.72 84.12 84.73 87.01 91.28 99.23 100.11 100.93 103.4 103.63 115.66 117.75 117.83 118.02 118.64 120.78 122.78 123.27 124.1 124.2 125.71 132.44 134.54 136.38 137.17 139.64 142.71 145.33 147.44 153.53 154.61 165.46 
30 30 40.29 61.21 61.28 63.32 63.44 66.44 72.29 72.55 82.72 83.57 85.61 89.94 91.39 93.31 95.82 96.7 97.15 101.43 102.59 104.35 107.5 108.44 112.02 112.89 114 114.23 115.89 117.02 118.05 118.39 118.53 121.42 122.65 129.41 130.86 135.38 137.72 139.09 139.33 140.14 151.07 153.5 154.14 154.75 158.61 
41.63 61.68 61.86 63.1 66.68 79.22 81.69 83.12 83.35 83.91 88.42 90.1 91.05 92.05 93.17 95.22 96.06 97.82 104.85 105.12 110.41 115.32 120.98 121.05 126.38 126.41 126.86 133.11 133.68 134.7 134.77 135.68 138.77 144.24 145.19 147.7 148.52 148.78 151.46 152.18 154.79 156.91 160.71 161.83 163.65 168.11 176.74 181.91 182.5 186.19 191.22 192.67 192.93 193.2 
46.31 56.36 65.22 67.79 68.11 68.71 68.77 69.82 82.29 87.82 91.31 94.37 94.39 95.79 98.39 106.21 106.78 108.55 108.87 109.04 109.67 112.15 112.23 112.83 113.17 113.17 113.2 114.81 117.36 117.88 118.78 119.12 122.38 124.52 124.56 125.21 127.97 137.51 143.67 147.18 147.83 154.49 155.74 162.42 162.94 166.54 170.17 172.53 180.41 184.04 186.62 
46.21 57.19 58.48 63 64.75 65.66 66.29 67.11 67.55 67.67 68.47 70.4 71.85 75.79 78.17 78.53 79.31 81.8 83.8 86.75 88.26 88.3 90.49 90.69 91.73 93.81 95.71 97.91 101.39 101.44 102.21 103.51 103.89 106.73 107.41 108.43 110.07 112.13 112.86 113.69 114.11 116.65 116.89 119.73 120.38 121.47 121.7 123.35 123.45 124.67 124.88 128.87 129.31 138.43 144.8 145.04 151.27 185.67 
52.89 57.16 61.43 66.44 68.53 70.13 74.57 77.03 81.08 81.48 83.4 84.09 88.42 91.29 93.02 96.74 100.77 101.34 110.58 111.1 113.36 118.48 118.5 121.61 123.87 127.93 129.96 134.7 135.39 136.14 136.77 139.73 141.53 142.02 142.12 149.52 154.32 154.62 158.74 160.38 162.39 180.8 
53.53 54.41 56.99 61.84 61.84 64.39 65.45 66.54 74.15 74.16 82.33 85.67 86.76 88.56 89.82 90.71 91.39 92.71 95.68 97.6 98.3 99.88 102.31 102.57 104.5 104.84 105.75 109.32 110.24 111.76 112.73 116.11 117.41 119.92 122.38 122.47 124 124.63 126.75 128.02 128.17 129.08 132.45 132.51 137.37 138.01 138.02 138.69 139.77 143.61 155.97 162.8 171.72 177.82 
58.16 59.88 61.45 64.22 65.36 65.73 66.43 66.65 69.89 72.67 74.29 75.95 76.95 79.07 82.57 83.12 85.95 88.56 90.12 90.76 92.59 94.09 95.08 95.44 99.3 100.02 100.11 104.17 105.12 106.13 106.7 106.84 111.12 111.44 111.6 111.71 112.87 113.83 115.06 117.95 118.06 119.04 119.76 120.25 121.57 122.81 123.62 124.75 125.53 126.02 135.6 142.11 150.77 152.16 156.38 159.71 161.23 178.61 183.95 187.58 
53.57 62.92 76.02 85.48 89.28 91.34 91.84 91.98 93.24 94.88 101.06 102.56 102.91 103.49 104.47 106.04 106.76 109.4 111.86 112.42 113.55 114.31 115.52 116.69 116.7 120.32 120.48 120.63 120.93 121.53 123.78 128.45 131.87 137.26 137.31 137.54 141.65 142.57 142.94 143.28 143.88 145.89 148.16 148.9 157.8 164.03 167.84 169.45 169.84 170.14 171.83 173.33 175.18 175.7 177.48 179.42 181.09 189.35 208.14 
42.79 45.09 46.34 56.78 59.09 64.51 64.69 66.07 68.65 69.33 69.69 73.92 77.73 81.71 84.04 85.48 86.95 87.61 87.99 93.13 96.32 96.8 98.42 101.02 103.11 105.06 105.84 107.04 107.05 108.09 108.89 112.79 113.38 115.31 118.07 118.24 122.78 123.83 125.44 126.57 127.42 129.13 131.92 133.27 134.69 139.5 149.95 153.66 155.94 159.44 171.65 
42.08 42.63 43.83 49.8 51.8 60.13 64.08 69.07 70.07 76.38 82.21 82.34 83.54 86.52 87.07 87.99 89.26 91.02 91.71 92.91 99.63 100.25 100.4 102.76 104.57 109.9 111.67 112.18 113.13 115.58 116.77 117.09 117.61 121.59 121.92 128.78 129.5 133.44 136.75 137.35 140.9 141.1 141.22 144.01 148.02 148.91 151.42 152.84 161.86 165.46 168.44 
36.16 50.65 54.12 55.37 56.26 63.91 72.02 72.33 72.53 74.67 75.23 77.34 78.04 80.17 82.54 86.07 86.57 92.44 93.02 95.49 97.72 101.48 115.03 116.56 117.49 119.83 120.21 120.33 120.78 121.16 123.4 124.19 124.65 126.64 127.71 128.98 131.65 136.03 140.18 141.58 145.64 146.98 148.63 149.64 150.1 152.1 152.23 154.04 154.19 161.06 162.34 162.82 164.96 170.03 172.14 176.38 183.87 186.18 195.32 199.54 
37.12 45.12 45.62 50.7 58.98 64.12 64.32 65.13 73.81 75.94 77.37 79.38 86.33 88.23 89.22 90.46 95.2 98.51 99 99.17 99.28 100.5 101.29 101.87 101.92 104.61 106.9 115.91 119.56 120.06 121.32 123.71 124.68 127.45 128.65 129.17 130.57 132.79 134.28 137.27 137.94 139.38 140.05 140.83 140.92 141.38 143.1 144.71 145.32 148.82 149.4 151.95 155.43 159.54 169.4 173.99 
57.17 59.76 62.2 67.07 67.52 74.57 76.91 79.12 79.28 80.5 85.92 86.87 89.65 91.43 92.26 92.77 94.53 95.2 95.25 95.84 96.4 97.9 98.74 102.93 104.53 108.66 108.83 112.02 113.39 115.83 119.94 120.62 121.26 122.13 127.09 130.35 132.34 132.5 145.13 147.56 161.51 165.89 
37.2 45.51 54.63 57.96 65.25 71.87 75.15 78.38 78.88 80.82 82.59 83.65 84.83 85.76 90.97 92.11 92.44 92.75 95.96 97.38 102.37 103.27 103.49 104.51 104.52 104.82 107.26 107.94 110.32 113.01 119.14 124.22 124.43 130.34 136.62 137.57 138.75 140.25 141.31 143.04 143.28 143.54 146.36 151.15 151.23 152.66 159.18 
57.98 64.75 72.18 81.17 83.87 84.66 87.96 89.16 90 92.8 93.15 95.54 96.18 101.74 107.73 108.05 111.36 111.83 115.37 115.93 118.02 119.92 125.13 125.28 125.79 127.18 128.99 131.03 133.08 134.1 134.72 135.48 137.23 139.82 139.87 142.87 143.36 145.79 146.14 150.36 158.42 168.16 173.12 173.64 176.49 
38.61 54.6 57.35 57.63 62.44 62.56 66.9 66.96 70.69 71.23 71.61 76.11 78.38 81.22 84.71 86.96 91.21 94.48 94.7 97.65 100.23 101.32 101.79 106.85 109.93 109.99 111.3 115.05 116.76 118.52 120.61 121.33 122.32 122.75 125.47 127.16 129.8 132.63 132.98 134.41 143.34 144.72 150.21 153.66 162.73 
40.94 57.89 60.86 64.77 72.41 74.49 75.54 75.87 80.75 81.12 81.87 82.91 86.3 87.9 90.32 90.43 90.7 91.81 92.81 93.13 93.85 95.98 99.06 99.9 100.49 100.76 103.78 103.99 104.36 105.51 106.3 107.44 108.11 108.66 110.83 110.96 112.93 113.94 119.65 121.93 122.11 123.11 123.89 131.18 131.48 131.84 134.55 135.81 137.14 139.84 146.3 147.08 147.16 154.43 154.81 175.09 175.54 178.04 187.13 
36.7 40.5 56.45 60.31 61.27 62.73 63.08 66.97 67.62 69.12 73.28 74.9 77.44 79.48 82.76 83.53 84.04 84.43 90.75 91.59 91.65 98 98.04 101.68 101.82 102.69 105.45 106.62 107.8 108.06 109.26 121.63 122.14 126.34 128.75 132.83 137.98 143.33 146.29 146.57 147.93 148.85 150.11 151.79 152.68 154.79 156.2 156.45 156.77 157.85 161.95 164.18 165.53 180.81 196.25 
50.88 55.63 56.45 63.52 69.56 83.3 91.08 92.36 93.42 96.88 98.21 107.44 112.8 116.15 116.26 118.13 119.42 125.91 128.41 128.65 130.6 131.5 133.27 133.82 135.11 136.03 137.13 140.04 141.38 141.42 145.43 151.73 152.26 152.86 154.12 154.95 162.01 166.02 170.55 174.16 183.35 
41.51 56.9 57.41 58.08 59.97 60.78 62.17 64.28 65.35 65.53 68.8 71.89 74.07 77.34 80.97 81.22 81.35 81.97 86 89.98 95.33 95.48 96.25 110.02 116.51 117.73 118.97 119.83 119.88 121.19 128.38 129.23 129.8 130.15 134.2 137.54 138.2 142.76 153.37 153.4 180.35 
45.25 45.72 46.36 49.85 50.14 55.56 61.35 63.69 67.39 70.28 73.37 80.18 83.15 85.44 86.81 90.65 93.92 97.48 101.29 103.16 106.59 110 111.39 112.85 114.15 118.22 120.07 123.69 124.66 124.84 125.16 125.57 129.28 131.14 133.44 146.28 148.15 149.81 150.62 150.9 151.99 155.3 156.19 157.79 163.26 164.34 172.43 179.12 180.1 185.19 186 186.72 
50.98 52.23 53.61 54.64 57.14 57.78 60.35 60.66 61.9 62.78 66.69 70.31 78.05 80.77 84.86 88.61 89.5 90.34 98.59 98.72 101.53 101.58 105.51 109.1 109.37 111.17 111.32 112.24 114.63 121.3 123.1 123.83 124.61 129.19 131.31 134.1 143.93 147.03 148.42 150.24 158.74 160.25 161.07 162.68 176.35 
48.2 52.9 56.97 61.54 74.33 75.61 76.99 82.21 84.51 84.94 85.02 85.43 87.74 90.14 91.87 98.32 98.52 99.33 100.09 100.38 101.56 104.13 107.58 109.76 111.17 115.86 117.21 119.24 123.19 125.84 126.29 130.91 135.72 139.31 143.32 144.17 145.84 147.07 148.07 153.25 165.19 
48.73 57.86 65.72 66.74 66.76 75.14 78.89 78.97 81.06 81.73 82.21 84.2 85.52 86.55 86.73 91.16 95.16 95.38 96.15 98.21 99.72 100.38 100.68 103.28 106.52 109 109.1 111.9 117.25 120.61 124.55 125.34 126.62 129.05 139.49 141.53 144.73 147.38 149.31 151.3 151.89 156.9 159.5 166.41 178.49 
53.57 62.74 64.21 70.02 71.39 77.12 82.97 84.41 85.48 89.93 92.95 95.33 97.42 102.27 103.87 105.53 108.77 109.75 112.93 113.34 114.09 117.17 118.97 122.52 124.82 127.58 131.52 132.92 136.32 139.95 141.91 143.83 144.11 144.58 147.23 153.93 161.22 161.41 162.13 164.18 178.62 180.99 183.34 187.56 188.43 192.58 195.56 208.65 
40.32 43.82 44.33 53.62 60.38 64.49 65.22 66.21 67.63 68.42 68.8 70.5 72.66 75.19 76.5 77.88 81.33 81.45 82.49 83.04 83.41 85.22 86.56 87.94 89.41 92.71 98.82 98.91 101.04 102.52 106.23 110.13 110.42 110.45 111.32 111.96 112.68 113.26 113.52 114.79 115.87 121.77 122.9 126.16 128.51 128.58 130.25 131.26 133.09 133.65 135.88 137.55 139.41 139.62 140.72 141.91 152.87 153.65 163.11 179.57 
58.2 58.76 60.94 70.89 72.44 76.52 77.03 80.35 81.76 81.82 90.07 90.72 91.32 93.26 93.48 93.71 93.97 95.1 95.56 98.44 98.95 102.59 102.98 105.63 105.7 105.81 107.06 111.8 115.27 115.79 116.71 120.38 120.93 121.59 122.06 122.23 125.12 127.38 129.26 130.15 131.04 131.81 134.81 135.26 135.61 140.17 143.24 147.3 147.75 148.91 151.73 153.71 163.11 164.91 167.38 168.18 169.06 173.6 181.97 206.57 
30 39.8 40.74 40.78 44.62 48.96 50.22 59.11 59.9 60.68 61.46 62.97 65.81 66.16 70.25 72.79 77.32 77.38 77.42 77.85 84.8 85.72 86.41 88.34 90.57 91.71 92.34 93.97 95.47 99.79 100.21 100.55 103.9 110.01 114.25 116.26 116.4 117.49 122.01 122.5 123.16 130.54 131.19 133.81 139.49 143.89 144.91 145.51 146.99 150.24 151.91 156.05 158.46 162.67 165.17 168.41 179.86 184.42 202.59 
58.74 63.02 63.76 65.27 66.76 66.76 71.42 72.75 78.17 80.74 86.16 88.48 88.62 91.79 92.73 93.68 99.78 101.49 103.44 104.64 105.06 105.3 109.36 113.27 114.74 115.37 117.55 118.83 123.32 127.81 132.68 133.28 133.46 135.69 136.42 137.39 140.5 141.92 145.89 149.12 150.26 153.64 153.71 159.67 160.51 162.09 177.32 196.36 
38.7 50.42 52.82 61.37 63.43 66.91 77.08 77.32 80.81 87.79 88.27 89.31 94.09 94.59 95.16 95.39 96.8 98.21 101.65 102 102.36 103.28 104.77 105.14 106.85 106.9 108.54 109.01 109.83 110.9 112.05 112.74 113.62 116.41 116.75 117.44 119.1 119.58 122.42 124.82 125.72 126.69 127.05 128.86 130.16 131.16 132.21 139.26 141.61 143.25 144.02 144.74 145.33 152.25 152.33 163.08 164.72 176.56 
34.05 45.07 49.95 54.51 61.48 62.66 64 65.58 67.49 72.62 78.13 78.5 78.89 80.33 86.87 92.29 93.59 94.94 96.35 97.35 98.68 100.12 100.53 101.59 109.19 110.82 113.7 113.9 115.61 119.94 122.34 122.82 124.8 125.07 129.33 132.6 133.9 135.52 135.71 143.31 146.06 148.18 149.19 150.7 153.78 161.15 161.22 165.29 165.37 171.21 196.15 
53.68 60.71 66.62 67.45 70.34 71.23 75.1 80.1 82.6 84.24 84.61 90.86 97.03 97.14 97.68 97.94 100.69 103.34 103.41 109.97 110.04 110.93 113.76 115.4 115.67 118.45 119.39 125.59 128.68 128.83 131.85 132.42 132.98 134.12 134.45 135.3 138.61 141.59 144.54 145.23 145.58 148.68 150.47 155 156.25 156.96 161.8 163.13 164.93 167.62 179.33 207.52 
34.3 47.55 50.13 52.58 60.76 66.84 67.24 69.65 69.99 75.38 77.43 77.52 78.54 81.1 82.78 84 84.65 84.76 85.04 86.84 87.4 94.14 94.5 94.67 95.27 96.99 97.2 101.11 101.9 104.62 107.44 108.62 109.92 116.99 120.04 121.61 121.86 124.7 125.53 127.18 152.05 154.25 154.97 157.37 159.12 159.59 
51.64 68.03 71.79 75.79 83.2 85.98 87.04 90.45 100.38 106.57 107.77 109.72 109.9 114.52 115.69 120.39 120.67 123.33 125.28 125.31 129.32 129.63 130.88 136.53 141.32 141.53 145.27 146.22 146.31 147.59 148.33 148.53 149.8 149.94 155.19 162.51 166.4 176.12 177.17 190.71 200 207.78 
56.3 63.54 64.36 65.56 74.28 77.99 78.29 79.92 82.31 84.43 86.11 86.12 90.62 92.06 92.43 97.14 97.21 99.19 102.1 103.3 106.13 106.25 106.43 106.83 109.82 110.34 110.55 112.53 114.42 119.2 119.7 120.77 128.29 128.52 128.65 132.01 135.71 136.3 137.02 137.79 142.34 142.36 143.54 148.44 153.65 158.71 158.84 165.28 167.52 171.04 189.57 196.79 
53.23 64.48 64.83 65.81 68.36 72.22 72.6 73.86 74.83 75.9 76.99 77 80.19 82.65 83.41 85.2 86.55 86.63 89.66 92.12 92.51 93.35 93.78 94.79 95.34 97.47 99.32 100.48 102.97 105.42 113.33 115.01 115.05 115.21 115.47 115.53 116.85 117.21 117.58 118.42 120.89 121.03 125.01 125.78 127.62 132.04 134.35 136.41 137.41 138.43 149.25 161.58 179.7 
36.74 47.82 64.3 69.45 70.31 70.73 75.62 76.8 82.24 84.46 89.7 91.36 91.42 91.86 92.16 92.79 94.77 95.16 95.97 103.94 105.05 105.88 109.8 113.66 115.11 124.05 124.47 124.56 125.79 133.99 133.99 137.13 141.13 147.33 147.71 158.52 159.94 169.05 169.13 176.84 188.3 
30 30 39.98 41.02 41.68 48.87 53.05 56.79 59.73 67.61 69.89 70.64 71.88 73.94 82.37 83.1 83.85 84.47 85.14 86.65 86.84 87.59 92.84 93.02 94.1 96.94 98.32 104.35 104.46 104.99 107.19 108.08 108.16 110.81 112.88 112.94 114.26 115.39 115.74 119.97 121.31 123.74 127.99 128.58 132.79 134.99 135.92 137.84 138.8 155.16 159.08 159.53 175.12 
48.8 55 55.16 56.51 58.74 60.74 62.16 62.22 69.3 70.24 70.37 71.02 72.57 75.66 77.26 80.4 81.54 81.98 87.59 87.92 90.46 92.41 93.19 96.19 98.5 103.52 110.46 110.66 112 113.6 115.31 115.96 116.04 117.11 118.24 118.73 119.14 119.62 121.35 121.91 123.7 125.09 125.93 128.1 128.5 129.3 131.39 133.55 134.27 136.16 144.74 146.59 152.58 158.45 160.84 171.5 174.58 
30 39.82 60.58 67.3 71.77 72.64 73.57 75.29 76.55 78.51 83.62 84.18 87.92 100.29 102.81 105.18 105.36 105.81 113.39 114.32 117.45 118.07 120.22 122.53 122.77 123.96 126.23 128.87 131.95 133 133.83 137.09 137.34 141.1 145.41 150.76 158.2 165.72 170.13 171.36 176.2 181.58 
30 44.54 45.19 46.95 52.03 53.76 55.19 56.18 58.59 60.32 63.54 66.14 66.39 70.32 75.73 80.69 81.22 85.49 89.96 90.17 91.59 93.58 95.57 95.97 97.29 100.84 101.07 102.11 105.62 111.36 113.21 113.48 113.62 114.4 116.43 116.62 119.5 123.81 126.81 127.51 136.64 141.52 151.59 155.49 155.69 159.47 
57.57 67.23 67.44 68.43 68.76 71.58 71.81 72.69 73.39 73.8 78.99 79.46 83.1 88.21 91.26 93.11 96.84 97.43 100.44 101.03 101.09 101.56 104.96 107.17 110.12 112.38 115.37 115.72 116.32 116.6 121.78 124.41 125.91 127.31 129.89 130.29 130.89 134.06 142.89 143.69 144.58 145.98 146.72 147.89 155.87 158.68 160.05 162 162.97 171.39 174.87 179.06 183.49 190.27 196.17 199.45 
50.17 53.51 59.23 69.41 77.32 78.01 80.44 82.67 84.73 86.97 88.28 93.22 95.69 98.86 98.87 100.06 106.62 110.02 112.36 112.71 117.02 123.28 125.91 140.76 142.35 143.25 144.44 144.83 147.25 148.57 148.93 150.52 151.74 153.74 155.55 157.81 159.32 160.91 166.59 172.25 173.78 179.52 194.11 194.98 
37.63 42.33 50.97 56.29 63.2 67.98 76 76.81 80.07 84.69 85.46 86.56 87.17 91.06 95.23 96.71 96.93 97.94 100.83 108.24 108.35 109.03 112.23 115.72 117.36 124.53 124.73 126.14 126.15 129.63 129.69 130.23 133.85 137 140.29 146.91 151.75 152.39 162.02 172.11 173.34 192.12 193.31 194.71 
51.21 52.58 57.89 59.65 61.19 61.6 67.6 67.95 72.48 72.68 78.82 80.76 81.48 85.72 90.8 93.55 93.9 94.98 98.77 99.85 104.85 106.09 107.3 111.52 113.83 115.22 115.74 117.85 118.46 119.75 120.73 121.72 128.62 134.76 136.76 137.05 148.96 149.78 150.51 153.4 155.08 182.06 
54.72 55.16 59.83 64.5 67.15 70.1 75.29 75.78 76.51 81.55 84.93 88.93 90.49 93.73 94.74 100.64 102.93 103.88 104.03 107.21 108.44 111.02 111.12 111.81 114.18 115.03 117.86 118.21 119.43 126.14 126.88 132.91 133.13 137.25 144.28 146.56 153.03 155.55 178.36 189.56 197.01 
30 51.58 67.55 70.9 74.3 74.59 76.27 77.04 79.56 80.53 83.5 83.89 85.17 88.02 89.2 92.6 94.1 100.38 103.33 104.08 105.8 107.18 107.43 108.43 108.46 108.92 109.69 110.14 110.82 113.13 121.69 128.9 129.6 131.11 136.56 139.54 143.63 144.67 155.93 160.47 163.32 164.45 167.73 171 175.11 198.34 
54.02 65.51 68.58 73.15 74.63 79.09 79.74 85.55 86.48 89.53 94.49 95.09 95.64 102.23 102.61 103.27 107.73 108.7 112.25 115.11 118.94 128.63 132.75 134.55 135.35 140.49 141.58 142.89 148.34 153.67 157.57 158.51 166.34 169.2 170.4 171.33 175.41 176.8 178.21 178.43 192.33 
59.17 61.59 61.61 66.81 69.37 70.45 73.74 77.03 77.8 82.99 84.43 85.77 86.1 90.31 91.06 91.55 93.89 100.47 101.87 106.56 111.35 111.7 113.4 113.58 114.89 118.28 120.31 121.87 126.92 127.62 131.57 131.79 137.17 137.38 138.19 138.38 139.39 139.56 139.56 141.84 147.88 151.44 158.47 158.55 163.02 164.11 166.63 170.61 172.5 174.13 176.71 177.89 183.46 184.71 188.12 194.72 202.35 
46.26 47.48 63.17 67 69.8 71.58 73.32 75.97 78.37 79.46 80.58 80.95 82.91 84.54 86.35 89.96 91.96 97.2 100.88 100.96 101.22 103.11 104.55 105.45 106.01 108.81 108.83 108.93 109.15 112.82 112.99 114.29 114.65 123.66 129.08 132.06 132.81 151.05 152.06 157.19 167.11 
46.98 52.33 52.79 53.72 61.66 62.57 64.85 71.19 71.21 75.7 79.84 80.04 81.14 82.57 83.66 83.71 85.15 86.67 88.14 91.98 92.65 95.06 101.48 102.85 104.15 104.4 105.54 106 106.45 106.8 108.62 109.04 116.22 117.95 119.87 121.17 121.99 122.19 122.54 127.64 129.58 132.26 132.45 133.43 134.54 135.83 141.35 156.88 159.39 162.8 162.83 182.02 
38.12 60.63 64.12 64.63 67.24 68.76 71.1 72.2 76.1 76.2 80.93 89.49 93.31 98.08 100.38 101.52 101.54 108.42 109.97 110.58 112.87 115.36 116.24 116.4 117.33 118.48 119.11 120.38 124.27 124.88 128.43 128.81 130.04 138.13 138.76 142.74 146.72 148.96 155.09 156.14 157.43 161.73 170.49 179.36 180.76 
60.37 66.35 67.9 72.44 77.24 80.77 82.65 82.79 97.57 101.75 102.67 104.55 105.48 106.21 109.81 111.74 112.19 115.33 116.28 116.96 122.47 123.07 123.57 125.48 126.53 129.48 137.59 137.81 138.07 138.4 142.23 144.4 146.81 148.56 150.75 155.99 156.14 159.99 168.25 173.9 187.88 
30 45.28 46.88 54.67 55.1 59.49 63.27 72.73 73.49 75.33 81.95 82.12 82.54 85.89 88.71 89.11 91.1 98.33 99.08 99.88 100.46 107.19 111.26 113.22 113.22 118.74 119.26 119.51 121.99 126.56 127.28 133.47 139.55 139.64 140.66 142.54 145.41 147.31 151.66 153.37 153.57 157.65 163.24 171.49 171.98 185.18 193.35 195.12 
54.33 57.6 64.83 65.18 67.85 68.49 72.08 76.07 79.27 79.3 81.63 82.84 83.15 83.39 85.7 86.01 87.07 87.67 90.39 93.7 94.58 95.16 101.88 105.11 107.1 108.12 108.57 109.51 109.7 109.79 113.75 116.93 119.53 121.53 123.09 123.48 123.65 123.94 124.06 124.31 145.7 145.72 178.59 
33.83 52.49 70.52 73.98 86.45 92.81 101.47 101.63 105.33 107.16 107.36 108.5 111.05 111.98 113.1 120.64 120.76 121.89 124.5 125.24 126.31 128.06 131.64 134.8 136.7 139.06 150.82 154.57 157.12 162.54 163.33 167.51 171.76 173.77 179.78 185.25 191.59 193.93 198.85 208.86 208.93 
44.42 52.48 55.34 56.27 60.84 64 65.86 65.98 70.09 72.72 76.26 79.84 80.61 80.9 81.71 81.95 84.74 87.52 88.04 88.78 90.82 93.65 96.74 97.06 100.94 106.42 106.81 107.23 107.24 107.54 108.07 108.36 113.53 113.57 115 115.78 116.4 118.95 119.86 121.69 122.61 123.31 123.71 124.14 124.18 127.8 128.89 132.84 133.37 133.68 135.71 136.78 147.91 152.28 160.67 169.07 170.61 
55.71 58.02 66.79 67.98 70.77 73.55 78.51 79.33 81.27 84.04 84.51 86.38 87.67 89.6 90.92 93.31 96.55 99.54 102.91 104.75 111.4 111.52 112.75 113.38 113.48 113.7 113.85 114.22 114.59 114.95 115.29 115.65 116.72 117.01 119.04 120.65 121.67 122.76 124.17 124.53 125.85 129.98 131.75 131.76 133.08 133.21 133.99 135.5 141.79 142 142.3 142.65 143.05 147.12 155.86 157.3 158.78 166.65 170.98 
44.2 50.38 50.93 52.01 52.02 52.14 54.63 60.36 63.21 65.53 69.03 77.89 80.29 83.78 83.84 85.79 86.13 86.51 86.86 87.14 87.48 89.57 90.12 92.68 96.15 96.41 102.46 103.47 103.58 107.45 114.04 116.17 116.74 120.19 120.54 122.36 125.75 127.3 129.75 131.33 135.12 136.76 137.67 143.56 143.65 144.24 145.34 152.88 153.48 154.38 174.06 
33.53 46.49 60.87 63.89 64.36 64.74 66.01 66.71 67.42 69.62 71.88 78.07 79.78 81.08 89.66 94.07 94.6 96.12 99.26 100.64 101.93 102.46 103.29 103.75 105.48 106.32 109.99 119.39 120.15 127.78 128.48 133.11 133.61 133.62 133.77 135.62 136.16 137.04 140.35 142.77 146.05 150.31 154.76 157.74 158.13 159.93 174.68 
39.56 45.98 50.69 64.33 64.6 66.44 69.81 75.62 76.64 80.16 83.3 84.86 85.31 92.01 93.06 93.52 95.33 100.9 101 104.98 106.52 113.59 115.91 117.83 124.99 125.22 125.77 126.04 126.9 128.58 128.65 129.8 131.37 131.82 132.92 133.3 136.44 141.52 144.39 145.02 147.08 151.83 152.56 155.19 157.13 157.19 157.45 165.76 180.54 181.11 184.97 200.44 203.86 204.48 
60.9 63.28 65.17 69.05 76.38 79.6 82 86.19 87.62 90.25 96.79 98.99 99.52 101.8 103.46 105.59 106.91 112.04 118.84 119.62 120.54 122.07 125.38 127.89 128.6 130.89 131.82 135.52 137.05 138.88 140.42 141.24 144.4 146.17 147.01 148.68 151.19 156.98 159.83 163.19 163.38 165.12 168.3 169.42 171.39 174.66 180.34 183.41 194.07 199.92 203.64 204.2 209.65 225.32 
56.3 59.43 63.09 65.33 75.38 75.59 76.93 77.95 81.47 88.12 92.38 92.56 94.04 99.82 101.2 102.55 106.23 108.41 109.52 110.4 114.11 114.74 116.12 116.25 116.35 120.45 120.45 122.09 130.44 130.47 136 137.27 138 139.11 140.6 150.34 150.7 152.19 157.47 158.59 158.83 164.99 165.05 165.17 165.87 169.8 171.99 175.19 176.56 179.96 180.24 
38.72 47.08 57.23 61.75 62.28 69.39 77.74 79.51 84.47 92.66 94.38 98.65 99.7 99.74 100.96 101.75 103.37 106.8 107.95 108.89 109.04 110.34 111.25 112.53 114.69 114.86 114.99 115.78 127.27 132.59 133.2 143.09 151.67 153.62 154.8 155.85 161.28 161.6 162.83 183.9 204.15 
54.95 72.44 73.4 73.74 77.77 81.74 86.33 89.09 95.28 97.55 97.93 100.84 100.88 103.61 105.54 106.27 111.41 111.58 116.45 120.5 121.68 124.84 125.01 128.34 130.12 135.75 137.9 155.68 156.55 158.33 161.87 169.52 172 172.56 177.28 177.34 182.83 187.5 191.35 192.56 192.77 195.83 200.55 201.6 206.6 
30.66 31.41 33.07 44.21 53.74 54 54.51 58.38 59.69 72.24 76.83 79.75 80.23 81.13 82.87 84.19 84.59 90.87 90.92 93.34 95.55 97.72 97.82 99.18 101.74 102.05 103.42 109.28 110.34 110.35 111.6 112.52 115.89 116.9 117.59 118.39 118.55 119.13 119.87 123.12 127.55 132.89 141.13 142.51 143.22 144.06 145.61 148.97 164.78 170.94 197.99 
46.85 55.21 61.99 65.76 67.67 72.14 77.22 85.6 85.81 85.88 88.81 88.83 98.37 100.02 101.81 104.14 106.98 110.79 111.26 114.98 116.89 118.52 123.86 125.26 126.47 129.09 135.23 136.85 138.93 140.21 144.6 145.12 145.61 146.55 150.62 161.15 161.72 162.18 172.98 173.17 174.51 174.83 175.96 183.75 186 187.4 197.58 208.9 
43.46 66.42 69.3 72.23 77.15 81.87 86.85 88.9 90.87 90.97 94.02 96.22 97.59 99.51 100.01 102.02 102.23 105.91 107.02 107.11 108.46 111.12 113.48 113.53 114.29 114.75 117.15 120.57 120.87 124.89 126.71 127.86 128.23 133.6 133.9 134.37 139.93 143.12 143.3 143.7 149.04 149.46 150.76 151.82 158.7 166.64 168.08 176.2 178.62 192.79 193.77 
46.2 52.02 64.15 69 73.11 76.46 76.89 78.42 79.39 80.33 81.36 83.51 83.76 84.28 84.46 89.4 91.37 92.49 92.67 92.85 93.62 94.59 100.28 101.47 102.51 105.67 106.92 107.04 107.2 108.23 108.38 109.82 111.75 112.41 115.36 116.04 117.63 117.72 118.15 118.4 121.32 121.6 123.52 126.22 126.39 131.18 138.78 139.34 142.16 148.12 150.29 152.12 
30.81 42.9 62.98 64.2 66.81 71.69 72.14 75.92 76.55 77.71 78.65 79.75 81.59 85.45 89.53 98.15 98.58 98.61 98.78 100.58 101.26 102.96 107.04 108.74 110.16 113.88 114.14 114.2 114.79 120.24 120.38 121.62 122.42 127.68 128.49 130.16 132.69 134.67 135.22 135.82 137.2 138.97 139.7 139.77 140.27 142.87 143.99 146.16 154.87 155.05 158.47 160.45 160.77 161.19 169.04 176.02 182.24 187.88 
37.38 44.87 54.24 57.06 63.17 63.58 64.54 68.77 69.98 71 75.16 75.62 75.83 83.06 91.8 95.27 96 96.55 97.23 102.24 102.63 105.45 105.72 105.74 106.77 108.25 110.09 115.28 115.57 115.81 116.07 116.64 118.4 120.49 125.87 127.88 132.15 133.75 134.62 136.41 140.78 142.71 143.51 144.3 144.94 152.07 154.26 159.01 167.33 167.43 
52.84 59.87 60.07 61.18 64.99 67.61 78.55 82.46 82.79 84.28 88.22 90.33 91.13 91.41 94.71 95.05 96.52 96.8 97.45 101.8 101.81 104.53 105.38 106.72 109.1 109.8 112.69 113.11 114.94 115.73 121.46 122.97 123.01 123.69 127.91 128.16 132.02 133.4 133.96 136.8 138.28 143.06 143.94 146.95 147.45 149.12 151.51 153.74 157.25 160.16 179.16 
60.72 62.21 68.7 69.35 70.38 72.14 76.64 78.54 79.19 81.36 86.63 89.56 91.88 92.98 93.07 93.69 94.55 96.21 96.33 96.84 98.51 100.76 101.34 101.4 103.55 109.49 110.72 115.18 115.86 116.04 119.8 122.98 125.22 135.26 139.28 152.28 156 156.69 160.64 172.03 
52.98 68.21 71.82 81.17 81.88 83.55 83.8 85.38 85.93 88.23 89.12 91.07 92.84 93.4 95.95 98.43 99.75 101.02 103.95 105.54 106.7 107.5 111.07 112.5 112.8 115.7 118.38 120.58 127.43 127.48 131.68 133.63 133.88 136.06 137.71 140.62 147.04 149.18 151.31 152.77 154.34 154.47 154.6 162.14 166.46 170 178.18 191.74 212.21 
37.84 38.7 43.83 50.57 56.11 56.41 56.83 64.99 67.82 71.21 71.27 73.13 74.11 74.97 78.98 81.83 81.9 82.68 83.71 84.85 85.18 89.73 89.86 89.91 91.04 91.92 94.96 95.07 95.66 96.11 97.79 99.92 100.81 100.97 101.35 104.56 107.93 108.04 108.13 108.33 108.41 108.79 110.69 113.01 113.25 114.27 123.51 126.26 127.52 129.32 129.34 132.38 134.74 136.6 137.52 139.98 148.94 154.62 
33.73 46.74 47.81 49.51 52.57 55.83 55.97 58.43 73.81 74.93 76.16 79.21 84.12 85.28 87.1 87.61 89.63 93.44 95.78 95.86 96.09 97.36 100.67 103.16 103.23 104.04 109.65 110.53 111.65 111.74 122.75 124.83 131.61 135.01 137.79 142.15 143.64 148.52 148.54 149 150.85 150.91 151.2 155.12 158.08 160.31 161.76 166.14 
30 31.39 48.77 50.02 60.86 62.64 63.54 65.03 66.81 69.19 71.19 72.97 74.11 78.65 79.89 84.96 85.4 87.65 90.4 91.5 92.66 93.3 95.35 95.46 98.3 98.5 98.61 99.24 101.97 102.5 103.82 106.69 107.74 110.61 111.75 112.46 113.18 113.26 113.34 114.01 115.26 119.67 119.78 121.45 123.12 123.79 125.31 125.67 126.61 129.27 129.86 134.41 137.34 139.8 142.77 158.28 158.99 167.55 169.68 171 
39.06 39.86 41.8 41.97 52.07 53.14 59.79 61.48 64.3 68.27 69.13 70.03 78.8 78.85 79.91 82.45 85.89 86.53 88.51 96.44 97.09 98.07 101.93 102.08 105.46 106.32 108 108.58 109.35 118.56 119.19 119.33 121.29 121.64 122.47 128.08 133.27 135.83 140.15 143.22 144.33 161.43 161.78 169.29 170.25 172.6 182.91 
42.58 56.58 57.97 69.36 73.5 81.04 81.4 82.01 85.04 86.06 88.71 89.97 91.32 92.43 93.06 93.32 95.71 98.99 104.5 105.27 105.79 106.11 108.68 115.62 121.74 128.73 132.63 136.12 137.42 140.51 141.7 143.05 146.37 148.52 148.93 159.82 160.58 161.48 165.71 169.7 173.38 177.59 177.67 179.61 200.91 204.68 
47.59 73.85 80.33 81.31 81.99 82.91 83.46 93.75 93.83 96.58 98.83 102.74 103.74 106.66 110.74 110.88 113.71 115.03 115.2 116.25 116.32 116.61 122.71 125.6 128 128.23 130.69 133.14 137.25 137.58 137.64 138.55 139.59 141.81 157.44 172.42 182.53 186.75 194.82 195.5 200.71 
30.42 58.44 69.5 75.07 82.3 91.21 103 103.5 108.99 109.74 109.82 110.28 110.89 111.31 112.8 112.93 114.31 119.85 119.91 123.39 125.97 128.86 130.27 132.84 136.35 137.99 138.81 139.08 140.81 141.06 141.99 143.41 144.25 148.27 148.36 149.53 151.28 152.7 157.97 158.38 158.58 159.77 161.15 161.68 162.74 166.53 167.72 168.71 170.3 172.4 182.49 184.59 185.67 188.33 
30 36.49 50.89 54.31 67.73 68.75 69.74 72.21 76.58 78.33 83.15 83.27 83.33 86.53 88.02 89.01 90.64 91.89 93.46 93.47 95.38 97.19 98.67 98.9 99.29 101.63 102.48 103.19 103.62 105.25 107.41 108.49 109.6 118.8 120.71 127.58 129.85 133.31 133.42 137.18 151.65 155.15 160.48 179.47 
33.7 48.53 52.66 54.12 58.89 62.56 64.5 64.85 65.57 68.68 72.56 73.05 76.37 76.63 77.32 80.85 88 89.68 90.39 92.86 95.42 96.66 98.86 101.61 102.41 102.95 104.84 106.37 109.88 113.46 117.82 120.19 121.18 122.1 122.98 126.03 127.36 135.33 139.02 140.47 142.97 143.43 145.26 149.17 157.69 157.71 163.07 170.67 171.81 182.81 191.62 210.94 
47.2 48.08 49.19 58.97 60.53 67.19 68.21 73.99 78.16 78.69 78.91 81.38 84.22 86.16 86.23 89.34 90.7 92.97 98.52 104.95 106 106.85 107.01 109.97 112.24 113.1 113.2 116.96 121.63 128.52 133.88 143.93 153.28 160.19 160.46 162.21 172.03 179.11 183.04 191.94 193.15 201.95 209.37 
54.15 54.56 59.18 59.46 67.09 69.45 76 77.89 78.07 78.62 80.36 80.64 81.91 86.61 88.83 92.52 95.59 96.34 98.16 98.9 99.22 99.89 101.98 104.27 105.55 105.8 112.09 112.19 112.23 113.28 116.92 117.81 119.29 119.63 119.7 125.85 128.25 147.2 148.37 152.15 154.76 161.31 175.76 185.65 189.35 
30 47.33 63.68 63.89 64.32 64.53 73.11 73.54 75.11 75.66 78.94 80.57 82.97 87.75 87.76 88.57 93.35 93.44 96.88 98.3 99.21 99.49 99.73 100.16 104.43 106.17 106.55 108.04 113.37 115.81 118.13 118.29 118.6 118.67 119.18 120.78 121.94 126.49 128.51 128.55 129.08 131.43 138.29 138.74 138.96 140.83 145.73 149.08 154.2 155.45 156.45 157.14 171.19 173.37 179.6 183.4 192.73 202.71 
46.95 63.24 65.57 66.14 68.44 69.2 69.91 70.65 76.03 78.24 79.49 80.71 81.46 88.29 90.62 93.07 93.87 94.87 105.58 109.48 110.58 114.42 116.62 117.43 118.19 118.8 119.63 122.1 124.4 126.1 128.56 139.63 141.78 146.67 150.92 152.03 154.52 156.22 171.58 172.75 179.58 184.75 187.92 
52.38 52.51 54.58 65.47 66.03 71.76 75.07 80.18 80.31 83.23 83.34 86.93 90.37 90.46 93.65 94.66 94.74 98.76 100.22 100.37 101.41 103.44 105.23 108.19 109.23 110.55 113.55 113.83 114.49 116.48 123.13 125.43 125.77 127.63 128.05 128.32 128.33 128.82 132.39 136.25 137.79 
48.72 51.2 54.6 55.18 60.26 63.81 69.59 69.87 73.61 74.41 77.93 79.7 82.23 82.6 83.99 84.23 84.53 85.24 87.42 87.79 88.27 91.01 91.05 91.21 95.14 98.25 100.45 102.6 102.81 109.5 110.08 110.19 110.8 112.63 114.56 115.22 116.97 117 117.35 121.72 122.28 124.33 124.49 129.02 133.52 137.91 140.17 148.47 150.91 151.34 151.44 166.69 175.01 
57.73 63.68 67.69 84.02 94.65 99.08 101.79 102.61 105.02 105.67 106.76 108.51 111.02 111.1 116.5 117.65 122.69 122.86 123.94 125.74 127.87 129.62 132.17 132.23 134.1 137.3 137.88 140.78 141.31 148.6 148.84 149.59 150.94 160.93 163.57 164.91 166.55 171.42 172.11 172.51 178.32 179.7 181.89 182.16 188.49 191.49 216.45 
55.78 57.08 66.4 67.75 71.25 73.38 74.41 77.75 81.12 83.81 89.07 89.14 90.05 91.09 91.29 92.06 92.58 93.78 94.18 96.05 97.13 99.94 101.22 102.83 109.3 111.94 112.38 114.32 114.42 115.67 115.73 121.74 125.11 126.01 126.38 132.76 133.4 133.82 135.66 136.48 150.3 154.26 
38.66 45.76 50.95 57.63 60.27 65.62 66.6 68.67 73.33 76.3 79.49 79.66 82.34 83.47 84.1 85.95 88.67 91.83 92.76 93.74 102.91 106.04 109.5 109.97 110.39 112.47 115.01 118.58 119.11 122.85 125.15 129.06 129.99 131.2 132.88 134.2 135.6 147.08 147.58 160.18 165.4 177.33 178.5 178.86 179.66 181.11 195.1 197.97 
51.77 60.61 63.48 67.38 68.29 71.14 71.3 73.07 73.82 77.3 78.97 79.5 79.64 80.35 80.41 82.57 83.07 84.65 86.27 88.07 91.28 92.17 94.5 97.8 98.79 99.03 105.13 113.71 114.94 117.2 123.32 123.76 130.62 130.96 133.99 138.22 139.68 142.65 145.62 146.32 148.28 150.83 153.32 158.6 172.04 
35.97 42.8 43.52 44.26 49.1 59.48 64.98 66.61 69.86 75.7 78.96 79.7 79.9 81.32 84.53 85.19 86.09 86.85 86.88 87.88 90.06 93.93 97.51 99.1 100.04 100.96 105.73 106.8 109.2 109.59 117.15 120.16 121.23 125.22 127.3 133.08 133.28 133.46 142.59 144.1 145.82 146.13 162.11 
32.77 48.19 48.86 49.2 58.6 63.24 66.15 66.32 80.6 81.37 96.4 97.05 98.49 99.89 101.67 106.87 107.39 108.02 109.27 112.48 115.5 118.88 121.77 124.24 125.09 125.5 132.15 132.76 135.54 138.04 138.7 140.86 142.62 142.84 144.3 146.36 157.05 159.66 162.19 162.65 162.96 163.61 165.85 173.5 179.52 180.54 182.14 
48.34 54.32 60.85 66.97 67.53 68.7 68.82 70.47 78.23 79.6 80.78 83.13 90 90.65 92.06 98.59 100.19 101.27 101.93 103.3 104.31 106.37 107.69 108.5 109.02 112.63 113.62 114.5 115.05 117.39 119.05 119.78 120.29 120.39 121.26 121.98 122.39 122.84 123.38 126.36 129.96 130.61 134.4 134.64 137.49 138.12 139.33 141.3 146.01 146.73 146.85 149.18 153.17 158.07 163.45 187 
51.74 54.75 59.5 62 72.13 72.92 74.49 76.78 79 79.92 86.18 87.11 89.95 90.27 90.41 90.81 93.67 98.68 98.97 100.41 108.92 111.13 111.94 112.9 115.94 117.68 120.28 124.74 125.14 127.03 128.63 129.05 130.15 131.61 132.02 141.17 145.9 146.38 147.58 152.92 154.63 169.22 174.41 
49.87 54.45 64.4 65.26 67.55 70.61 73.71 76.66 83.85 87.09 88.52 92.18 106.61 113.18 113.7 117.6 118.34 118.78 125.79 126.45 126.53 127.93 129.1 134.23 135.47 141.21 147.76 149.67 154.08 159.78 160.3 161.86 162.53 163.56 164.84 165.76 172.51 177.24 183.89 184.78 185.8 185.88 187.13 200.89 206.39 213.88 
