0.96 0.99 1.06 1.09 1.22 1.25 1.28 1.34 1.34 1.34 1.42 1.47 1.47 1.47 1.5 1.56 1.57 1.57 1.57 1.6 1.63 1.63 1.64 1.66 1.69 1.69 1.69 1.69 1.73 1.74 1.75 1.77 1.79 1.8 1.82 1.82 1.83 1.85 1.91 1.92 1.93 1.97 2.02 2.02 2.14 2.18 2.24 2.37 2.44 2.45 2.5 2.56 2.73 
0.74 0.77 0.82 0.86 0.92 0.92 0.93 1.01 1.05 1.22 1.29 1.31 1.31 1.37 1.39 1.39 1.41 1.42 1.49 1.51 1.54 1.55 1.61 1.65 1.68 1.69 1.76 1.76 1.76 1.77 1.81 1.83 1.85 1.86 1.89 1.91 1.94 1.96 1.97 2.07 2.08 2.1 2.17 
0.49 0.7 0.81 0.9 1.04 1.04 1.13 1.16 1.17 1.21 1.24 1.24 1.26 1.28 1.29 1.32 1.32 1.35 1.36 1.37 1.39 1.39 1.44 1.51 1.53 1.53 1.55 1.57 1.59 1.59 1.6 1.62 1.63 1.64 1.7 1.78 1.79 1.8 1.8 1.94 1.98 2 2.02 2.09 2.1 2.2 2.27 
0.7 1.05 1.05 1.09 1.15 1.15 1.24 1.25 1.25 1.29 1.31 1.32 1.47 1.47 1.49 1.52 1.53 1.54 1.54 1.56 1.6 1.7 1.71 1.73 1.75 1.75 1.76 1.76 1.81 1.86 1.87 1.93 1.93 1.94 2 2.01 2.02 2.05 2.08 2.12 2.12 2.12 2.14 2.29 2.35 2.43 2.44 2.45 2.52 2.55 2.59 2.6 2.78 2.87 
0.68 0.78 0.84 0.98 0.99 1 1.04 1.07 1.13 1.14 1.18 1.2 1.21 1.22 1.25 1.29 1.29 1.31 1.33 1.35 1.35 1.38 1.39 1.41 1.45 1.48 1.49 1.51 1.52 1.59 1.72 1.84 1.85 1.9 1.9 1.91 1.96 1.98 2.03 2.09 2.11 2.12 2.12 2.12 2.13 2.17 2.27 2.35 2.38 2.52 2.62 
0.75 0.75 0.82 0.86 0.9 0.92 1.04 1.04 1.09 1.12 1.19 1.2 1.22 1.22 1.22 1.24 1.25 1.26 1.27 1.35 1.37 1.37 1.37 1.39 1.41 1.41 1.41 1.43 1.44 1.47 1.49 1.49 1.51 1.54 1.55 1.55 1.57 1.58 1.59 1.63 1.68 1.69 1.7 1.72 1.75 1.77 1.78 1.78 1.8 1.8 1.84 1.85 1.92 2 2.09 2.23 2.23 2.51 
0.77 1.05 1.07 1.09 1.09 1.12 1.22 1.25 1.35 1.36 1.39 1.46 1.49 1.51 1.52 1.52 1.61 1.65 1.65 1.66 1.67 1.69 1.69 1.72 1.73 1.8 1.85 1.88 1.91 2.01 2.08 2.13 2.14 2.2 2.23 2.38 2.38 2.42 2.45 2.46 2.59 2.71 
0.87 1.01 1.04 1.06 1.09 1.11 1.12 1.17 1.17 1.17 1.2 1.24 1.24 1.25 1.29 1.29 1.31 1.35 1.36 1.36 1.38 1.38 1.38 1.39 1.39 1.42 1.45 1.46 1.47 1.48 1.49 1.49 1.5 1.5 1.54 1.55 1.59 1.6 1.6 1.6 1.63 1.65 1.66 1.69 1.69 1.71 1.74 1.79 1.87 1.88 2.11 2.24 2.26 2.31 
0.86 0.89 0.91 0.91 1.14 1.17 1.18 1.18 1.19 1.19 1.24 1.25 1.26 1.26 1.27 1.28 1.32 1.35 1.39 1.39 1.4 1.42 1.43 1.44 1.47 1.47 1.52 1.53 1.54 1.55 1.57 1.57 1.61 1.61 1.61 1.62 1.62 1.63 1.63 1.64 1.65 1.72 1.77 1.81 1.83 1.87 1.88 1.89 1.92 1.92 1.93 1.95 1.97 1.97 2.01 2.04 2.2 2.25 2.25 2.68 
0.84 0.99 1.04 1.13 1.28 1.4 1.41 1.51 1.51 1.54 1.54 1.54 1.56 1.57 1.59 1.59 1.63 1.65 1.66 1.68 1.68 1.74 1.74 1.74 1.75 1.82 1.83 1.85 1.85 1.88 1.9 1.92 1.92 1.92 1.92 1.94 1.95 1.95 1.99 2.01 2.05 2.06 2.11 2.12 2.13 2.13 2.16 2.19 2.25 2.27 2.3 2.31 2.34 2.42 2.43 2.49 2.54 2.64 2.75 
0.68 0.72 0.84 0.91 0.94 0.97 1 1.05 1.08 1.12 1.14 1.15 1.17 1.17 1.26 1.34 1.34 1.35 1.37 1.4 1.48 1.48 1.5 1.5 1.58 1.61 1.62 1.7 1.72 1.73 1.75 1.76 1.78 1.79 1.79 1.8 1.8 1.83 1.83 1.9 1.9 1.93 1.95 2.01 2.01 2.05 2.07 2.15 2.15 2.47 2.83 
0.63 0.83 0.87 0.93 0.95 0.96 1.03 1.1 1.16 1.17 1.21 1.22 1.25 1.27 1.3 1.31 1.31 1.33 1.39 1.51 1.51 1.52 1.56 1.58 1.6 1.62 1.64 1.65 1.71 1.72 1.75 1.76 1.76 1.77 1.77 1.81 1.82 1.83 1.85 1.86 1.88 1.89 1.9 1.91 1.93 1.94 1.98 1.98 2.03 2.4 2.44 
0.78 0.91 0.92 0.95 0.99 1.02 1.07 1.12 1.12 1.14 1.15 1.18 1.21 1.21 1.22 1.3 1.33 1.33 1.34 1.41 1.47 1.49 1.52 1.53 1.57 1.61 1.62 1.63 1.66 1.67 1.71 1.72 1.72 1.72 1.72 1.73 1.75 1.76 1.78 1.83 1.84 1.98 2.02 2.04 2.08 2.08 2.16 2.16 2.17 2.2 2.24 2.3 2.42 2.43 2.5 2.55 2.56 2.61 2.66 2.94 
0.84 0.85 0.86 0.88 0.89 1 1.09 1.12 1.14 1.14 1.2 1.24 1.25 1.28 1.29 1.34 1.37 1.37 1.38 1.38 1.39 1.44 1.45 1.45 1.54 1.57 1.6 1.61 1.63 1.65 1.66 1.68 1.74 1.77 1.78 1.79 1.86 1.9 1.93 1.93 1.95 1.96 1.99 2.04 2.04 2.05 2.11 2.13 2.22 2.29 2.31 2.33 2.48 2.51 2.6 2.61 
0.68 0.84 0.89 0.99 1 1.02 1.07 1.07 1.08 1.15 1.15 1.16 1.38 1.38 1.43 1.44 1.49 1.57 1.58 1.6 1.63 1.64 1.68 1.69 1.71 1.72 1.76 1.79 1.81 1.83 1.86 1.87 1.87 1.88 1.96 2.01 2.02 2.06 2.09 2.1 2.27 2.31 
0.95 0.99 1.02 1.06 1.07 1.11 1.11 1.18 1.21 1.25 1.26 1.28 1.28 1.29 1.29 1.34 1.37 1.39 1.42 1.43 1.43 1.51 1.55 1.56 1.59 1.59 1.6 1.63 1.65 1.7 1.7 1.75 1.77 1.8 1.82 1.86 1.89 1.93 1.97 2.02 2.02 2.1 2.14 2.18 2.33 2.38 2.42 
0.77 0.85 0.88 1.12 1.13 1.23 1.23 1.28 1.3 1.36 1.39 1.41 1.42 1.46 1.5 1.51 1.58 1.63 1.65 1.68 1.7 1.78 1.82 1.83 1.84 1.86 1.86 1.88 1.88 1.89 1.91 1.92 2.01 2.01 2.02 2.04 2.1 2.11 2.11 2.13 2.16 2.2 2.36 2.43 3.03 
0.75 0.78 0.8 0.81 0.91 0.93 0.93 0.95 1.03 1.03 1.04 1.06 1.13 1.13 1.19 1.21 1.21 1.22 1.23 1.25 1.27 1.29 1.29 1.29 1.35 1.37 1.38 1.39 1.47 1.48 1.5 1.58 1.59 1.61 1.62 1.64 1.68 1.77 1.81 1.82 1.92 2.05 2.06 2.06 2.07 
0.83 0.91 1 1.04 1.05 1.06 1.07 1.08 1.08 1.1 1.15 1.16 1.17 1.2 1.24 1.31 1.38 1.38 1.41 1.43 1.43 1.46 1.49 1.51 1.51 1.53 1.54 1.55 1.55 1.55 1.57 1.61 1.64 1.64 1.67 1.68 1.69 1.71 1.71 1.72 1.72 1.73 1.73 1.74 1.78 1.79 1.82 1.84 1.93 1.94 2.02 2.09 2.21 2.22 2.24 2.37 2.39 2.44 2.67 
0.73 0.8 0.9 0.91 1.01 1.02 1.04 1.04 1.06 1.07 1.1 1.1 1.12 1.13 1.17 1.21 1.25 1.27 1.31 1.31 1.33 1.38 1.46 1.48 1.52 1.55 1.56 1.58 1.59 1.61 1.62 1.68 1.7 1.74 1.75 1.76 1.8 1.8 1.82 1.89 1.89 1.89 1.93 1.96 1.97 2.11 2.19 2.2 2.23 2.24 2.25 2.35 2.38 2.4 2.46 
0.63 0.89 0.9 0.97 1.01 1.01 1.15 1.26 1.28 1.35 1.38 1.45 1.46 1.49 1.49 1.53 1.53 1.54 1.58 1.59 1.63 1.64 1.65 1.66 1.75 1.79 1.79 1.79 1.8 1.83 2.03 2.04 2.12 2.15 2.16 2.18 2.21 2.26 2.4 2.54 2.6 
0.69 0.79 0.82 0.95 1 1 1 1.09 1.09 1.12 1.19 1.21 1.21 1.25 1.27 1.28 1.3 1.34 1.4 1.48 1.49 1.5 1.55 1.58 1.62 1.64 1.71 1.71 1.73 1.76 1.82 1.83 1.83 1.84 1.9 1.91 2.04 2.1 2.15 2.17 2.21 
0.67 0.84 0.87 0.88 0.93 0.96 1.04 1.09 1.11 1.15 1.2 1.29 1.36 1.38 1.38 1.4 1.4 1.4 1.41 1.41 1.43 1.47 1.47 1.51 1.53 1.56 1.57 1.58 1.59 1.68 1.71 1.74 1.77 1.78 1.81 1.83 1.85 1.86 1.87 1.97 2.01 2.15 2.31 2.34 2.35 2.36 2.43 2.43 2.48 2.62 2.67 2.82 
0.7 0.74 0.74 0.84 0.87 0.97 1.12 1.13 1.19 1.21 1.21 1.25 1.25 1.32 1.32 1.34 1.38 1.4 1.42 1.45 1.51 1.53 1.54 1.55 1.57 1.6 1.63 1.63 1.65 1.74 1.75 1.75 1.77 1.77 1.8 1.8 1.84 1.84 1.9 1.91 1.96 1.98 2.06 2.07 2.08 
0.72 0.9 0.94 0.96 1.07 1.08 1.1 1.16 1.24 1.25 1.25 1.26 1.26 1.31 1.34 1.36 1.38 1.4 1.42 1.42 1.43 1.43 1.44 1.45 1.45 1.46 1.48 1.53 1.55 1.6 1.63 1.64 1.74 1.76 1.79 1.8 1.91 1.94 2.02 2.11 2.14 
0.67 0.8 0.94 1.03 1.03 1.1 1.11 1.17 1.23 1.23 1.25 1.28 1.33 1.34 1.35 1.38 1.38 1.39 1.39 1.43 1.43 1.44 1.46 1.51 1.56 1.56 1.57 1.64 1.67 1.71 1.72 1.88 1.94 1.95 2.03 2.07 2.08 2.13 2.21 2.21 2.24 2.31 2.39 2.51 2.54 
0.61 0.94 1.1 1.21 1.22 1.24 1.26 1.3 1.31 1.36 1.38 1.38 1.39 1.47 1.48 1.51 1.53 1.53 1.54 1.55 1.6 1.61 1.63 1.64 1.67 1.68 1.68 1.75 1.87 1.92 1.96 2.03 2.06 2.09 2.11 2.12 2.15 2.16 2.18 2.2 2.32 2.36 2.37 2.41 2.41 2.49 2.53 2.99 
0.65 0.79 0.81 0.83 0.95 0.99 1 1.01 1.01 1.02 1.03 1.06 1.08 1.11 1.12 1.12 1.13 1.19 1.22 1.25 1.26 1.32 1.33 1.38 1.38 1.39 1.4 1.42 1.44 1.44 1.48 1.49 1.5 1.51 1.52 1.57 1.57 1.61 1.62 1.64 1.68 1.71 1.73 1.8 1.82 1.85 1.87 1.91 1.91 1.99 2 2.03 2.05 2.08 2.09 2.09 2.14 2.18 2.21 2.25 
0.7 0.79 0.83 0.95 1.01 1.05 1.05 1.06 1.08 1.2 1.22 1.3 1.34 1.35 1.36 1.37 1.37 1.38 1.39 1.42 1.43 1.43 1.43 1.44 1.45 1.46 1.46 1.51 1.52 1.56 1.57 1.61 1.67 1.67 1.68 1.74 1.77 1.79 1.82 1.87 1.88 1.88 1.89 1.93 1.94 1.96 1.97 1.99 2 2.04 2.04 2.06 2.07 2.12 2.15 2.33 2.39 2.4 2.47 2.49 
0.65 0.86 0.87 0.89 0.89 0.93 0.94 1.01 1.02 1.03 1.04 1.1 1.12 1.14 1.17 1.19 1.19 1.21 1.23 1.23 1.24 1.28 1.32 1.33 1.33 1.35 1.38 1.38 1.4 1.44 1.45 1.45 1.46 1.49 1.51 1.51 1.57 1.61 1.69 1.69 1.7 1.73 1.76 1.77 1.84 1.85 1.88 1.9 1.91 1.93 1.97 2.02 2.13 2.29 2.42 2.45 2.57 2.57 2.68 
0.92 0.93 0.98 0.98 1.05 1.16 1.16 1.17 1.19 1.19 1.3 1.3 1.43 1.46 1.46 1.48 1.48 1.55 1.57 1.58 1.59 1.6 1.6 1.62 1.63 1.66 1.75 1.76 1.79 1.88 1.88 1.95 1.95 1.96 2.04 2.04 2.11 2.13 2.15 2.16 2.18 2.26 2.4 2.41 2.52 2.53 2.56 2.64 
0.74 0.75 0.85 0.87 0.92 0.92 0.96 0.96 0.98 0.99 1.03 1.07 1.07 1.12 1.14 1.16 1.18 1.2 1.21 1.22 1.23 1.24 1.24 1.25 1.26 1.27 1.29 1.3 1.33 1.37 1.41 1.41 1.41 1.42 1.42 1.44 1.44 1.51 1.53 1.53 1.54 1.56 1.59 1.6 1.69 1.7 1.77 1.83 1.9 1.93 1.94 2.02 2.16 2.16 2.25 2.25 2.43 2.51 
0.82 0.84 0.87 0.89 0.93 0.96 0.97 1.04 1.07 1.08 1.11 1.12 1.14 1.23 1.28 1.33 1.33 1.35 1.39 1.4 1.4 1.46 1.47 1.49 1.52 1.55 1.57 1.6 1.6 1.67 1.67 1.67 1.68 1.7 1.72 1.74 1.75 1.76 1.77 1.8 1.83 1.91 1.94 1.95 1.97 2.03 2.09 2.14 2.27 2.35 2.44 
0.81 0.91 0.94 0.98 1 1.03 1.1 1.19 1.23 1.23 1.28 1.29 1.3 1.31 1.33 1.33 1.34 1.34 1.35 1.37 1.39 1.43 1.44 1.44 1.45 1.5 1.52 1.53 1.55 1.56 1.59 1.61 1.61 1.63 1.68 1.77 1.78 1.81 1.86 1.91 2.02 2.1 2.12 2.16 2.16 2.17 2.2 2.24 2.36 2.62 2.65 2.86 
0.6 0.64 0.69 0.7 0.83 0.87 0.88 0.9 0.93 0.94 1 1.02 1.03 1.03 1.09 1.11 1.13 1.17 1.18 1.24 1.28 1.29 1.3 1.3 1.38 1.38 1.46 1.49 1.51 1.51 1.52 1.55 1.62 1.64 1.66 1.67 1.68 1.7 1.7 1.81 1.84 1.84 2.03 2.06 2.13 2.17 
0.98 1.19 1.26 1.28 1.36 1.36 1.42 1.44 1.45 1.49 1.51 1.61 1.61 1.68 1.68 1.68 1.7 1.73 1.81 1.83 1.84 1.86 1.92 2.04 2.04 2.05 2.07 2.08 2.11 2.13 2.15 2.17 2.17 2.17 2.23 2.26 2.31 2.41 2.45 2.52 2.79 2.84 
0.65 0.7 0.81 0.95 0.99 1.07 1.07 1.11 1.12 1.12 1.19 1.24 1.29 1.32 1.41 1.43 1.46 1.47 1.47 1.51 1.53 1.58 1.59 1.6 1.61 1.65 1.66 1.69 1.7 1.73 1.74 1.76 1.77 1.79 1.8 1.8 1.81 1.85 1.88 2 2.03 2.04 2.08 2.1 2.17 2.21 2.21 2.27 2.34 2.5 2.53 2.53 
0.84 0.84 0.99 0.99 1.07 1.09 1.09 1.14 1.17 1.19 1.24 1.26 1.28 1.29 1.31 1.37 1.37 1.39 1.4 1.4 1.44 1.44 1.48 1.54 1.54 1.54 1.54 1.54 1.55 1.62 1.63 1.63 1.63 1.65 1.7 1.71 1.74 1.76 1.8 1.83 1.85 1.86 1.87 1.87 1.89 1.9 1.91 2.04 2.05 2.11 2.12 2.22 2.42 
0.63 0.76 0.82 0.87 0.93 0.93 1.04 1.11 1.13 1.29 1.3 1.31 1.32 1.39 1.45 1.45 1.47 1.53 1.54 1.56 1.59 1.61 1.62 1.63 1.63 1.66 1.67 1.73 1.92 1.95 2.07 2.19 2.27 2.28 2.35 2.49 2.51 2.53 2.55 2.59 2.66 
0.72 0.73 0.83 0.84 0.87 0.87 0.87 0.88 0.95 0.98 1 1.05 1.08 1.1 1.16 1.21 1.22 1.24 1.25 1.28 1.29 1.33 1.35 1.42 1.43 1.44 1.45 1.47 1.48 1.49 1.5 1.53 1.58 1.61 1.71 1.73 1.73 1.74 1.84 1.88 1.9 1.92 1.93 1.95 1.98 2 2.07 2.08 2.09 2.11 2.13 2.23 2.36 
0.67 0.81 0.87 0.98 0.98 1.02 1.03 1.04 1.07 1.1 1.19 1.2 1.26 1.26 1.27 1.34 1.34 1.36 1.38 1.4 1.4 1.42 1.48 1.49 1.49 1.5 1.51 1.52 1.52 1.54 1.55 1.57 1.58 1.61 1.73 1.74 1.74 1.74 1.77 1.77 1.82 1.86 1.86 1.92 1.94 1.97 1.97 1.97 2.02 2.02 2.04 2.07 2.17 2.19 2.23 2.32 2.33 
0.77 0.79 0.84 1.14 1.15 1.17 1.21 1.3 1.32 1.34 1.35 1.38 1.38 1.43 1.5 1.53 1.53 1.55 1.62 1.63 1.66 1.66 1.67 1.68 1.71 1.71 1.72 1.74 1.75 1.75 1.8 1.82 1.88 1.91 1.91 1.92 1.98 2.01 2.02 2.21 2.27 2.34 
0.76 0.93 0.98 0.99 1 1.05 1.1 1.13 1.14 1.22 1.23 1.25 1.29 1.35 1.37 1.41 1.47 1.47 1.49 1.5 1.5 1.51 1.56 1.57 1.58 1.58 1.6 1.63 1.66 1.67 1.67 1.68 1.71 1.74 1.76 1.85 1.89 1.89 1.93 1.98 2 2.07 2.11 2.19 2.32 2.47 
0.87 0.89 0.89 0.98 1.01 1.02 1.05 1.15 1.17 1.17 1.2 1.22 1.23 1.23 1.24 1.27 1.29 1.32 1.39 1.47 1.51 1.53 1.56 1.58 1.59 1.61 1.63 1.63 1.66 1.72 1.74 1.77 1.86 1.89 1.9 1.9 1.91 1.94 1.94 1.96 1.98 2.07 2.08 2.1 2.14 2.24 2.31 2.31 2.33 2.41 2.41 2.54 2.6 2.63 2.83 2.94 
0.95 1.05 1.06 1.1 1.16 1.18 1.21 1.22 1.26 1.29 1.31 1.31 1.37 1.41 1.42 1.49 1.5 1.51 1.57 1.58 1.62 1.62 1.63 1.67 1.7 1.71 1.76 1.77 1.79 1.86 1.97 1.99 2 2.06 2.12 2.12 2.14 2.2 2.24 2.29 2.38 2.4 2.47 2.75 
0.71 0.77 1.01 1.02 1.1 1.11 1.16 1.21 1.21 1.27 1.31 1.31 1.31 1.33 1.34 1.37 1.39 1.41 1.51 1.52 1.54 1.54 1.57 1.59 1.61 1.68 1.69 1.71 1.75 1.77 1.79 1.79 1.83 1.84 1.86 1.91 1.97 2.01 2.11 2.16 2.21 2.32 2.33 2.61 
0.72 0.77 0.82 0.85 0.91 0.99 1.05 1.05 1.15 1.16 1.16 1.18 1.19 1.24 1.29 1.32 1.35 1.36 1.44 1.5 1.51 1.61 1.63 1.65 1.67 1.68 1.7 1.79 1.79 1.82 1.82 1.83 1.83 1.86 1.9 1.95 1.96 2 2.12 2.23 2.31 2.72 
1.01 1.02 1.17 1.18 1.2 1.21 1.22 1.24 1.24 1.36 1.37 1.42 1.45 1.47 1.5 1.52 1.52 1.53 1.55 1.55 1.55 1.59 1.61 1.67 1.71 1.78 1.78 1.8 1.82 1.83 1.86 1.88 1.92 1.97 2.16 2.2 2.2 2.24 2.32 2.33 2.39 
0.58 0.79 0.81 0.9 0.94 1.14 1.2 1.28 1.33 1.34 1.35 1.37 1.39 1.41 1.47 1.53 1.56 1.56 1.57 1.67 1.71 1.76 1.76 1.78 1.79 1.86 1.86 1.91 1.96 1.97 1.98 1.99 1.99 1.99 1.99 2 2.01 2.03 2.03 2.04 2.08 2.08 2.21 2.26 2.36 2.58 
0.87 0.96 1 1.02 1.07 1.08 1.09 1.12 1.25 1.31 1.38 1.41 1.52 1.56 1.57 1.62 1.65 1.66 1.66 1.71 1.72 1.78 1.85 1.86 1.87 1.93 1.97 1.98 1.98 2.01 2.06 2.15 2.22 2.23 2.41 2.43 2.49 2.52 2.54 2.62 2.71 
0.77 0.83 0.85 0.96 0.99 1.03 1.05 1.1 1.3 1.32 1.33 1.33 1.43 1.43 1.45 1.45 1.45 1.48 1.49 1.49 1.5 1.52 1.53 1.53 1.54 1.55 1.58 1.6 1.61 1.65 1.69 1.72 1.73 1.74 1.79 1.83 1.88 1.89 1.91 1.91 1.96 1.96 1.97 1.97 1.97 2.12 2.18 2.2 2.21 2.22 2.29 2.44 2.52 2.53 2.62 2.73 2.77 
0.75 0.8 0.89 0.96 1.09 1.15 1.18 1.19 1.23 1.23 1.23 1.23 1.24 1.32 1.32 1.35 1.36 1.37 1.38 1.38 1.45 1.47 1.48 1.51 1.52 1.53 1.55 1.6 1.61 1.64 1.64 1.64 1.67 1.68 1.89 1.96 1.98 2.01 2.04 2.11 2.15 
0.64 0.74 0.77 0.81 0.9 0.94 1 1.02 1.06 1.14 1.17 1.18 1.2 1.28 1.29 1.31 1.33 1.36 1.38 1.43 1.44 1.44 1.46 1.46 1.48 1.49 1.5 1.52 1.53 1.53 1.55 1.57 1.57 1.62 1.65 1.7 1.77 1.79 1.8 1.8 1.85 1.86 1.88 1.9 1.94 1.94 1.97 2.05 2.19 2.24 2.31 2.45 
0.64 0.69 0.74 0.78 0.89 0.92 0.95 1 1.05 1.07 1.1 1.14 1.14 1.17 1.21 1.23 1.26 1.34 1.37 1.39 1.41 1.51 1.53 1.55 1.59 1.63 1.67 1.7 1.75 1.78 1.82 1.84 1.84 1.9 1.95 1.98 1.99 2.02 2.05 2.14 2.17 2.18 2.19 2.36 2.51 
0.91 1.04 1.11 1.12 1.13 1.16 1.18 1.22 1.26 1.38 1.39 1.42 1.44 1.47 1.53 1.55 1.56 1.57 1.59 1.62 1.68 1.69 1.71 1.73 1.76 1.8 1.8 1.82 1.83 1.84 1.86 1.87 1.93 2.04 2.11 2.13 2.14 2.16 2.27 2.38 2.66 
0.84 0.96 0.98 0.99 0.99 1.02 1.04 1.14 1.15 1.23 1.32 1.37 1.39 1.39 1.41 1.43 1.48 1.52 1.52 1.6 1.6 1.63 1.63 1.67 1.67 1.69 1.72 1.74 1.76 1.79 1.8 1.81 1.82 1.87 1.97 2 2 2.04 2.08 2.13 2.18 2.23 2.23 2.33 2.4 2.41 2.42 2.81 
0.9 0.96 1.04 1.1 1.22 1.22 1.23 1.29 1.32 1.35 1.37 1.37 1.39 1.42 1.42 1.42 1.43 1.43 1.48 1.5 1.5 1.53 1.56 1.57 1.58 1.59 1.59 1.65 1.66 1.67 1.69 1.71 1.81 1.93 1.93 1.93 1.96 2.05 2.07 2.09 2.11 2.11 2.14 
0.63 0.85 0.85 0.87 1.02 1.17 1.18 1.18 1.19 1.22 1.31 1.35 1.37 1.37 1.5 1.57 1.68 1.7 1.72 1.74 1.83 1.88 1.88 1.91 1.91 1.93 2.03 2.05 2.08 2.09 2.15 2.18 2.2 2.21 2.23 2.29 2.61 2.67 2.7 2.9 2.98 
0.77 0.85 0.92 0.93 0.98 1.01 1.04 1.04 1.05 1.06 1.09 1.13 1.15 1.17 1.19 1.19 1.19 1.23 1.28 1.29 1.3 1.32 1.34 1.34 1.34 1.36 1.37 1.37 1.42 1.42 1.45 1.49 1.52 1.53 1.53 1.54 1.56 1.6 1.62 1.7 1.7 1.79 1.81 1.81 1.82 1.84 1.9 1.94 2.03 2.05 2.07 2.14 2.15 2.25 2.28 2.3 2.55 
0.79 0.88 0.88 0.97 1.05 1.06 1.07 1.07 1.11 1.13 1.14 1.15 1.16 1.21 1.25 1.29 1.3 1.32 1.32 1.35 1.36 1.4 1.42 1.43 1.47 1.48 1.49 1.51 1.52 1.55 1.56 1.57 1.58 1.58 1.59 1.65 1.69 1.76 1.8 1.8 1.8 1.84 1.85 1.88 1.89 1.9 1.91 1.95 2.02 2.05 2.07 2.09 2.09 2.14 2.2 2.23 2.43 2.44 2.61 
0.67 0.67 0.81 0.88 0.88 1.01 1.03 1.04 1.04 1.08 1.08 1.17 1.2 1.26 1.27 1.45 1.49 1.49 1.53 1.56 1.57 1.6 1.62 1.66 1.66 1.68 1.7 1.71 1.73 1.73 1.73 1.74 1.75 1.78 1.8 1.8 1.8 1.84 1.84 1.88 1.88 1.9 1.94 1.98 2.04 2.07 2.08 2.09 2.26 2.28 2.29 
0.63 0.82 0.89 0.91 0.97 0.99 1.05 1.08 1.09 1.14 1.18 1.24 1.27 1.27 1.27 1.32 1.36 1.39 1.39 1.43 1.45 1.45 1.47 1.52 1.55 1.64 1.64 1.64 1.67 1.69 1.7 1.74 1.77 1.81 1.84 1.85 1.85 1.88 1.88 1.89 1.93 1.93 1.94 1.98 2.04 2.06 2.13 
0.68 0.81 0.84 0.97 1.01 1.08 1.14 1.16 1.17 1.2 1.2 1.22 1.26 1.34 1.36 1.39 1.4 1.47 1.47 1.48 1.54 1.55 1.57 1.57 1.59 1.68 1.7 1.76 1.77 1.79 1.79 1.8 1.86 1.86 1.87 1.89 1.95 1.97 1.98 2.03 2.03 2.08 2.09 2.12 2.15 2.21 2.24 2.3 2.3 2.4 2.45 2.55 2.64 3.03 
0.99 1 1.01 1.07 1.14 1.18 1.24 1.28 1.29 1.3 1.31 1.35 1.52 1.52 1.56 1.57 1.59 1.6 1.62 1.63 1.66 1.69 1.77 1.77 1.78 1.8 1.84 1.87 1.91 1.91 1.92 1.93 1.97 2.04 2.04 2.15 2.17 2.2 2.2 2.21 2.22 2.27 2.31 2.33 2.33 2.39 2.4 2.42 2.47 2.47 2.47 2.63 2.86 3.05 
0.79 0.8 0.91 1.03 1.08 1.12 1.14 1.16 1.2 1.23 1.23 1.28 1.29 1.3 1.42 1.42 1.44 1.52 1.54 1.55 1.57 1.64 1.64 1.66 1.66 1.66 1.67 1.68 1.7 1.76 1.79 1.8 1.81 1.82 1.85 1.87 1.94 1.98 1.99 2.02 2.05 2.05 2.12 2.14 2.16 2.22 2.24 2.28 2.44 2.45 2.53 
0.74 0.82 0.9 0.96 1.04 1.12 1.14 1.15 1.2 1.23 1.23 1.25 1.26 1.27 1.28 1.36 1.48 1.49 1.52 1.53 1.67 1.69 1.72 1.75 1.82 1.85 1.85 1.88 1.92 1.93 1.96 2.01 2.06 2.12 2.14 2.21 2.35 2.36 2.49 2.62 2.69 
0.91 0.92 0.97 1.02 1.07 1.08 1.1 1.12 1.13 1.2 1.22 1.34 1.37 1.46 1.47 1.52 1.53 1.56 1.59 1.6 1.65 1.66 1.68 1.73 1.78 1.87 1.92 2 2.03 2.05 2.07 2.09 2.09 2.12 2.13 2.19 2.25 2.28 2.29 2.46 2.48 2.49 2.58 2.62 2.9 
0.82 0.92 0.92 0.97 0.98 1 1 1.01 1.06 1.07 1.13 1.14 1.16 1.21 1.23 1.23 1.25 1.25 1.25 1.27 1.36 1.36 1.44 1.51 1.53 1.54 1.55 1.62 1.62 1.62 1.63 1.68 1.69 1.75 1.79 1.79 1.82 1.83 1.87 1.9 1.97 2.05 2.05 2.06 2.12 2.15 2.24 2.26 2.36 2.37 2.82 
0.93 0.93 0.97 0.97 1.01 1.08 1.11 1.2 1.22 1.25 1.31 1.35 1.4 1.41 1.41 1.45 1.47 1.52 1.52 1.56 1.58 1.64 1.67 1.68 1.68 1.69 1.74 1.75 1.76 1.95 1.97 1.98 2.03 2.04 2.05 2.05 2.14 2.19 2.19 2.24 2.25 2.27 2.29 2.29 2.31 2.55 2.66 2.92 
0.78 1.03 1.06 1.06 1.1 1.13 1.16 1.19 1.22 1.25 1.25 1.26 1.29 1.35 1.36 1.38 1.44 1.45 1.45 1.45 1.53 1.53 1.56 1.62 1.63 1.68 1.76 1.77 1.77 1.8 1.81 1.83 1.86 1.86 1.87 1.99 2 2 2.01 2.04 2.07 2.09 2.09 2.11 2.12 2.16 2.22 2.29 2.39 2.64 2.69 
0.7 0.74 0.74 0.83 0.88 0.9 0.92 0.93 0.98 0.99 1.03 1.14 1.14 1.16 1.16 1.17 1.18 1.21 1.21 1.25 1.33 1.38 1.39 1.4 1.42 1.44 1.45 1.47 1.47 1.48 1.48 1.49 1.51 1.52 1.54 1.61 1.62 1.63 1.65 1.66 1.74 1.75 1.76 1.77 1.79 1.8 1.81 1.83 2.01 2.07 2.08 2.08 
0.73 0.79 0.82 0.94 0.94 0.97 0.98 1.04 1.06 1.15 1.17 1.17 1.31 1.33 1.39 1.39 1.39 1.4 1.41 1.41 1.46 1.47 1.48 1.5 1.52 1.55 1.57 1.58 1.61 1.64 1.68 1.69 1.72 1.73 1.77 1.79 1.81 1.86 1.86 1.88 1.94 1.98 2 2 2.01 2.1 2.1 2.11 2.13 2.15 2.16 2.21 2.3 2.34 2.36 2.38 2.6 2.69 
0.9 0.93 1.01 1.01 1.02 1.05 1.07 1.08 1.09 1.11 1.13 1.19 1.21 1.29 1.46 1.46 1.47 1.5 1.51 1.52 1.53 1.55 1.55 1.56 1.6 1.61 1.64 1.67 1.67 1.68 1.68 1.7 1.73 1.74 1.75 1.76 1.77 1.8 1.84 1.88 1.94 1.96 1.98 2.01 2.03 2.04 2.09 2.13 2.25 2.4 
0.86 0.9 1.01 1.06 1.06 1.07 1.12 1.13 1.15 1.18 1.2 1.22 1.24 1.24 1.24 1.28 1.3 1.31 1.35 1.36 1.42 1.44 1.47 1.49 1.5 1.55 1.55 1.57 1.57 1.61 1.63 1.71 1.73 1.75 1.83 1.88 1.89 1.89 1.91 1.93 1.95 1.98 2.05 2.09 2.1 2.17 2.26 2.31 2.34 2.42 2.47 
0.86 0.86 0.96 1.05 1.14 1.19 1.19 1.22 1.23 1.25 1.28 1.31 1.37 1.39 1.4 1.41 1.47 1.54 1.55 1.58 1.59 1.6 1.63 1.66 1.67 1.72 1.76 1.76 1.78 1.8 1.82 1.83 1.85 1.93 1.94 1.97 2.16 2.4 2.6 2.64 
0.83 0.89 0.95 1.03 1.04 1.06 1.13 1.16 1.21 1.22 1.22 1.25 1.26 1.27 1.3 1.33 1.39 1.41 1.5 1.53 1.56 1.63 1.7 1.74 1.76 1.77 1.78 1.82 1.83 1.88 1.9 1.95 2 2.03 2.05 2.06 2.07 2.11 2.14 2.16 2.23 2.25 2.29 2.36 2.41 2.52 2.58 2.6 2.86 
0.91 0.97 0.99 1 1.03 1.09 1.09 1.1 1.13 1.14 1.14 1.17 1.19 1.2 1.21 1.24 1.25 1.25 1.25 1.26 1.26 1.27 1.28 1.29 1.29 1.3 1.39 1.42 1.48 1.49 1.5 1.5 1.5 1.5 1.53 1.53 1.56 1.59 1.59 1.61 1.63 1.64 1.66 1.67 1.69 1.7 1.7 1.73 1.74 1.74 1.75 1.77 1.8 1.84 1.87 1.95 2.11 2.29 
0.58 0.67 0.84 1.06 1.07 1.11 1.14 1.18 1.2 1.22 1.22 1.29 1.34 1.36 1.36 1.38 1.4 1.51 1.52 1.52 1.53 1.55 1.56 1.59 1.59 1.6 1.61 1.71 1.71 1.72 1.74 1.78 1.78 1.88 1.91 1.94 1.94 1.96 1.98 2.02 2.02 2.09 2.13 2.16 2.22 2.25 2.42 2.57 
0.68 0.72 0.83 0.84 0.89 0.89 0.95 0.95 0.96 0.97 1.02 1.11 1.13 1.14 1.2 1.21 1.21 1.21 1.23 1.31 1.33 1.34 1.35 1.41 1.43 1.44 1.44 1.45 1.46 1.56 1.58 1.58 1.58 1.6 1.6 1.64 1.66 1.69 1.74 1.75 1.78 1.8 1.8 1.82 1.83 1.84 1.86 1.88 1.89 1.9 1.96 1.96 1.97 1.99 2 2.01 2.07 2.12 2.25 2.36 
0.66 0.76 0.76 0.91 0.92 0.96 1.04 1.11 1.14 1.21 1.25 1.25 1.26 1.28 1.32 1.34 1.39 1.4 1.4 1.43 1.45 1.45 1.46 1.47 1.53 1.55 1.57 1.57 1.59 1.62 1.66 1.69 1.69 1.71 1.73 1.77 1.8 1.88 1.9 1.92 1.93 2.06 2.06 2.12 2.23 2.41 2.78 
0.83 0.86 0.93 0.98 1.02 1.12 1.19 1.23 1.25 1.27 1.31 1.33 1.33 1.41 1.45 1.46 1.5 1.53 1.57 1.58 1.64 1.64 1.64 1.74 1.78 1.8 1.82 1.84 1.85 1.85 1.88 1.89 1.92 1.93 1.98 1.99 1.99 2.01 2.06 2.19 2.28 2.33 2.34 2.42 2.47 2.54 
0.91 1 1.07 1.2 1.28 1.34 1.39 1.4 1.41 1.46 1.53 1.53 1.58 1.6 1.63 1.65 1.67 1.71 1.73 1.74 1.77 1.77 1.83 1.89 1.92 1.93 1.95 1.95 1.98 1.98 2.12 2.14 2.14 2.22 2.23 2.3 2.34 2.39 2.53 2.54 2.7 
0.85 0.95 1.05 1.06 1.11 1.13 1.27 1.27 1.39 1.43 1.52 1.55 1.56 1.59 1.59 1.61 1.61 1.64 1.64 1.64 1.66 1.67 1.68 1.69 1.71 1.74 1.77 1.79 1.8 1.82 1.82 1.84 1.86 1.86 1.88 1.93 1.94 1.94 1.95 1.97 2 2.03 2.05 2.07 2.15 2.16 2.21 2.21 2.22 2.31 2.37 2.39 2.48 2.88 
0.55 0.65 0.73 0.75 0.91 0.94 1.01 1.04 1.06 1.08 1.09 1.19 1.24 1.26 1.28 1.33 1.36 1.38 1.42 1.42 1.46 1.47 1.58 1.59 1.6 1.63 1.65 1.68 1.77 1.78 1.79 1.79 1.8 1.82 1.84 2.04 2.08 2.1 2.13 2.14 2.18 2.27 2.27 2.28 
0.71 0.82 0.83 0.85 0.98 1.03 1.05 1.16 1.17 1.19 1.19 1.25 1.26 1.29 1.44 1.46 1.48 1.48 1.56 1.57 1.58 1.6 1.63 1.64 1.65 1.65 1.67 1.67 1.71 1.73 1.73 1.74 1.75 1.78 1.79 1.83 1.84 1.89 1.92 1.92 1.97 2 2.01 2.02 2.07 2.1 2.25 2.27 2.27 2.36 2.37 2.39 
0.62 0.88 0.92 1.05 1.08 1.09 1.12 1.15 1.15 1.2 1.23 1.28 1.3 1.4 1.41 1.42 1.45 1.48 1.49 1.51 1.56 1.59 1.6 1.66 1.66 1.72 1.78 1.79 1.88 1.89 1.89 1.95 2.02 2.08 2.09 2.1 2.22 2.32 2.37 2.45 2.54 2.71 2.78 
0.97 1 1.03 1.05 1.13 1.18 1.19 1.22 1.22 1.24 1.28 1.33 1.38 1.41 1.46 1.47 1.5 1.51 1.52 1.54 1.54 1.54 1.54 1.58 1.59 1.59 1.6 1.6 1.64 1.65 1.71 1.85 1.87 1.89 1.98 1.98 2.02 2.02 2.03 2.08 2.15 2.16 2.31 2.39 2.68 
0.76 0.88 0.94 1.13 1.16 1.17 1.18 1.19 1.29 1.29 1.35 1.37 1.37 1.4 1.41 1.47 1.47 1.49 1.5 1.5 1.51 1.51 1.53 1.56 1.56 1.58 1.64 1.65 1.66 1.66 1.67 1.71 1.71 1.71 1.72 1.73 1.82 1.93 1.93 1.99 2.01 2.01 2.07 2.09 2.1 2.11 2.13 2.16 2.16 2.2 2.2 2.24 2.26 2.3 2.34 2.45 2.5 2.62 
0.75 0.81 0.95 1.02 1.18 1.23 1.24 1.25 1.27 1.27 1.41 1.41 1.48 1.5 1.51 1.52 1.54 1.56 1.57 1.59 1.6 1.61 1.62 1.65 1.67 1.71 1.74 1.76 1.78 1.91 1.96 1.98 2.02 2.03 2.03 2.07 2.08 2.11 2.11 2.22 2.26 2.52 2.64 
0.79 0.93 1 1.02 1.05 1.09 1.11 1.12 1.13 1.17 1.22 1.24 1.29 1.37 1.38 1.39 1.42 1.45 1.47 1.5 1.52 1.54 1.54 1.55 1.56 1.6 1.62 1.62 1.68 1.72 1.78 1.8 1.8 1.81 1.85 1.87 1.88 1.89 1.97 2.07 2.09 
0.67 0.76 0.79 0.86 0.93 0.95 0.98 0.98 0.99 1 1.02 1.03 1.06 1.12 1.15 1.16 1.16 1.17 1.27 1.29 1.33 1.36 1.38 1.4 1.43 1.43 1.45 1.52 1.52 1.54 1.63 1.69 1.71 1.73 1.74 1.75 1.79 1.8 1.83 1.85 1.89 1.92 1.98 1.98 2 2.01 2.03 2.03 2.07 2.14 2.17 2.32 2.43 
0.84 0.93 0.97 1.18 1.23 1.26 1.31 1.33 1.38 1.52 1.59 1.6 1.64 1.65 1.75 1.75 1.76 1.79 1.79 1.8 1.82 1.85 1.89 1.89 1.92 1.93 1.94 1.95 1.98 2.01 2.04 2.06 2.2 2.26 2.27 2.28 2.31 2.32 2.35 2.36 2.41 2.42 2.47 2.51 2.53 2.57 2.75 
0.71 0.78 0.8 0.81 0.83 0.84 0.86 0.97 1.01 1.05 1.14 1.2 1.24 1.24 1.25 1.27 1.28 1.29 1.32 1.37 1.37 1.38 1.39 1.46 1.48 1.5 1.51 1.59 1.6 1.61 1.63 1.72 1.73 1.74 1.75 1.82 1.87 1.88 1.97 2.14 2.36 2.39 
0.61 0.85 0.96 0.97 1 1 1.01 1.14 1.18 1.19 1.23 1.25 1.27 1.3 1.3 1.32 1.36 1.37 1.37 1.46 1.49 1.53 1.54 1.54 1.54 1.58 1.6 1.63 1.63 1.66 1.74 1.83 1.84 1.87 1.88 1.88 1.91 1.94 1.99 2.01 2.03 2.06 2.07 2.16 2.17 2.2 2.55 2.71 
0.72 0.82 0.89 0.93 0.94 0.96 0.97 0.98 0.99 1.05 1.06 1.14 1.15 1.15 1.17 1.17 1.18 1.27 1.36 1.38 1.39 1.4 1.41 1.47 1.52 1.55 1.61 1.61 1.65 1.69 1.69 1.76 1.82 1.84 1.85 1.88 1.88 1.89 2.01 2.02 2.06 2.07 2.1 2.26 2.7 
0.69 0.7 0.87 0.93 0.97 1.03 1.07 1.11 1.12 1.14 1.21 1.23 1.28 1.3 1.37 1.38 1.39 1.39 1.43 1.49 1.51 1.53 1.55 1.56 1.57 1.61 1.61 1.66 1.67 1.68 1.71 1.72 1.73 1.75 1.82 1.83 1.83 1.86 1.9 1.99 2.05 2.05 2.29 
0.58 0.6 0.8 0.95 1.04 1.1 1.21 1.22 1.23 1.29 1.39 1.39 1.4 1.45 1.47 1.5 1.53 1.59 1.6 1.6 1.64 1.65 1.68 1.71 1.73 1.74 1.77 1.78 1.82 1.83 1.88 1.93 2 2.03 2.05 2.05 2.08 2.09 2.1 2.13 2.15 2.15 2.23 2.34 2.35 2.42 2.98 
0.91 0.92 0.95 0.98 1.05 1.07 1.11 1.14 1.14 1.23 1.27 1.27 1.35 1.37 1.38 1.39 1.4 1.45 1.47 1.48 1.52 1.53 1.55 1.58 1.62 1.63 1.64 1.64 1.69 1.7 1.7 1.7 1.72 1.73 1.74 1.74 1.79 1.82 1.83 1.84 1.89 1.89 1.93 1.95 1.96 1.97 1.99 2.05 2.1 2.16 2.18 2.2 2.23 2.3 2.32 2.49 
0.93 0.99 1.02 1.12 1.13 1.17 1.18 1.25 1.3 1.33 1.36 1.36 1.4 1.41 1.44 1.46 1.5 1.52 1.55 1.59 1.62 1.63 1.63 1.64 1.67 1.71 1.72 1.72 1.81 1.82 1.84 1.87 1.88 1.97 2.11 2.19 2.23 2.26 2.31 2.35 2.37 2.5 2.69 
0.68 0.95 0.96 1.05 1.06 1.11 1.31 1.41 1.45 1.48 1.55 1.61 1.63 1.66 1.68 1.69 1.71 1.72 1.73 1.76 1.76 1.79 1.81 1.93 1.98 2.01 2.01 2.01 2.08 2.12 2.13 2.14 2.15 2.16 2.16 2.25 2.3 2.3 2.32 2.32 2.47 2.48 2.52 2.68 2.7 2.97 
